-1.51822 -0.959635 -0.939639 -1.90813 -1.43732 -1.91156 -2.65356 2.65314 0.433424 -1.84653 2.33586 -1.56296 
0.843396 -1.23878 -1.17271 -1.5673 0.18952 -0.094606 2.62476 1.47185 -1.08439 -0.581609 3.52567 -0.0949926 
-2.78852 0.86475 0.204504 0.415864 2.04701 0.201536 -4.79801 0.309566 -1.29809 -0.616037 -0.0820733 -0.000414834 
0.843392 -1.0884 -0.00408978 -1.76411 -1.95057 -1.45802 -1.0454 -0.264574 -1.45939 0.197527 -2.41893 -1.00676 
-1.86626 -1.79209 -1.6626 -1.28251 -1.1938 -1.77936 -2.09855 -3.33803 -1.73505 -1.58856 -0.519593 0.930488 
0.672479 0.117903 0.436708 0.857332 -0.710856 -0.151913 -1.50408 -0.199815 -0.194246 1.5086 0.900864 0.295486 
-0.868896 -0.974396 0.307991 -0.242329 0.107337 -0.129173 -1.38759 -0.69139 0.24288 -2.04161 -1.45477 0.37753 
-1.50577 -1.53393 -1.7683 0.617891 -1.15707 -0.480708 -0.705785 -1.08811 -0.568009 -2.02428 -1.23895 1.14377 
-1.15766 
-1.25157 
-0.495743 
-1.09106 
-1.74724 
-0.369241 
-4.88658 
3.02632 
1.64764 
-1.27173 
3.09 
-1.72695 
